trade_id,PL,closeVWAP_timestamp,closedWhen,closedWhenUnixTimeStamp,closing_price_VWAP,expir,instrument,long_or_short,markToMarket_time,openVWAP_timestamp,open_or_closed,openedWhen,opening_price_VWAP,ptValue,putcall,quant_closed,quant_opened,strike,symbol,symbol_description,PurePL,qty,currency,balance,commission,margin_available,mark_to_mkt,pure_mark_to_mkt,purebalance,pure_unr_pnl,unr_pnl
1.0,-3.8,20170127 10:40:00 EST,20170127 10:40:00 EST,20170127 10:40:00 EST,2.2925,,5m_#Barclays,short,,20170127 10:25:00 EST,closed,20170127 10:25:00 EST,2.2945,,,100.0,100.0,,5m_#Barclays,,0.2,100.0,USD,99996.2,4.0,1999999.8,99996.2,100000.2,100000.2,,
2.0,-3.8,20170127 11:00:00 EST,20170127 11:00:00 EST,20170127 11:00:00 EST,2.2885,,5m_#Barclays,short,,20170127 10:45:00 EST,closed,20170127 10:45:00 EST,2.2905,,,100.0,100.0,,5m_#Barclays,,0.2,100.0,USD,99992.4,4.0,1999999.6,99992.4,100000.4,100000.4,,
3.0,-3.7,20170127 11:10:00 EST,20170127 11:10:00 EST,20170127 11:10:00 EST,2.2825,,5m_#Barclays,short,,20170127 11:05:00 EST,closed,20170127 11:05:00 EST,2.2855,,,100.0,100.0,,5m_#Barclays,,0.3,100.0,USD,99988.7,4.0,1999999.3,99988.7,100000.7,100000.7,,
4.0,-3.6,20170127 11:50:00 EST,20170127 11:50:00 EST,20170127 11:50:00 EST,2.2835,,5m_#Barclays,short,,20170127 11:15:00 EST,closed,20170127 11:15:00 EST,2.2875,,,100.0,100.0,,5m_#Barclays,,0.4,100.0,USD,99985.1,4.0,1999998.9,99985.1,100001.1,100001.1,,
5.0,-3.9,20170127 12:15:00 EST,20170127 12:15:00 EST,20170127 12:15:00 EST,2.286,,5m_#Barclays,short,,20170127 11:55:00 EST,closed,20170127 11:55:00 EST,2.287,,,100.0,100.0,,5m_#Barclays,,0.1,100.0,USD,99981.2,4.0,1999998.8,99981.2,100001.2,100001.2,,
6.0,-3.9,20170127 17:30:00 EST,20170127 17:30:00 EST,20170127 17:30:00 EST,2.2885,,5m_#Barclays,short,,20170127 12:20:00 EST,closed,20170127 12:20:00 EST,2.2895,,,100.0,100.0,,5m_#Barclays,,0.1,100.0,USD,99977.3,4.0,1999998.7,99977.3,100001.3,100001.3,,
7.0,-1.55,20170130 10:00:00 EST,20170130 10:00:00 EST,20170130 10:00:00 EST,2.2655,,5m_#Barclays,short,,20170127 17:35:00 EST,closed,20170127 17:35:00 EST,2.29,,,100.0,100.0,,5m_#Barclays,,2.45,100.0,USD,99975.75,4.0,1999996.25,99975.75,100003.75,100003.75,,
8.0,-3.3,20170130 10:35:00 EST,20170130 10:35:00 EST,20170130 10:35:00 EST,2.254,,5m_#Barclays,short,,20170130 10:05:00 EST,closed,20170130 10:05:00 EST,2.261,,,100.0,100.0,,5m_#Barclays,,0.7,100.0,USD,99972.45,4.0,1999995.55,99972.45,100004.45,100004.45,,
9.0,-3.6,20170130 11:45:00 EST,20170130 11:45:00 EST,20170130 11:45:00 EST,2.2415,,5m_#Barclays,short,,20170130 10:40:00 EST,closed,20170130 10:40:00 EST,2.2455,,,100.0,100.0,,5m_#Barclays,,0.4,100.0,USD,99968.85,4.0,1999995.15,99968.85,100004.85,100004.85,,
10.0,-3.9,20170130 11:55:00 EST,20170130 11:55:00 EST,20170130 11:55:00 EST,2.241,,5m_#Barclays,short,,20170130 11:50:00 EST,closed,20170130 11:50:00 EST,2.242,,,100.0,100.0,,5m_#Barclays,,0.1,100.0,USD,99964.95,4.0,1999995.05,99964.95,100004.95,100004.95,,
11.0,-3.8,20170130 12:05:00 EST,20170130 12:05:00 EST,20170130 12:05:00 EST,2.24,,5m_#Barclays,short,,20170130 12:00:00 EST,closed,20170130 12:00:00 EST,2.242,,,100.0,100.0,,5m_#Barclays,,0.2,100.0,USD,99961.15,4.0,1999994.85,99961.15,100005.15,100005.15,,
12.0,-3.9,20170130 12:35:00 EST,20170130 12:35:00 EST,20170130 12:35:00 EST,2.2405,,5m_#Barclays,short,,20170130 12:10:00 EST,closed,20170130 12:10:00 EST,2.2415,,,100.0,100.0,,5m_#Barclays,,0.1,100.0,USD,99957.25,4.0,1999994.75,99957.25,100005.25,100005.25,,
13.0,-3.95,20170130 12:55:00 EST,20170130 12:55:00 EST,20170130 12:55:00 EST,2.2435,,5m_#Barclays,short,,20170130 12:40:00 EST,closed,20170130 12:40:00 EST,2.244,,,100.0,100.0,,5m_#Barclays,,0.05,100.0,USD,99953.3,4.0,1999994.7,99953.3,100005.3,100005.3,,
14.0,-3.7,20170130 13:05:00 EST,20170130 13:05:00 EST,20170130 13:05:00 EST,2.244,,5m_#Barclays,short,,20170130 13:00:00 EST,closed,20170130 13:00:00 EST,2.247,,,100.0,100.0,,5m_#Barclays,,0.3,100.0,USD,99949.6,4.0,1999994.4,99949.6,100005.6,100005.6,,
15.0,-3.95,20170130 14:45:00 EST,20170130 14:45:00 EST,20170130 14:45:00 EST,2.2445,,5m_#Barclays,short,,20170130 13:10:00 EST,closed,20170130 13:10:00 EST,2.245,,,100.0,100.0,,5m_#Barclays,,0.05,100.0,USD,99945.65,4.0,1999994.35,99945.65,100005.65,100005.65,,
16.0,-3.85,20170130 14:55:00 EST,20170130 14:55:00 EST,20170130 14:55:00 EST,2.2435,,5m_#Barclays,short,,20170130 14:50:00 EST,closed,20170130 14:50:00 EST,2.245,,,100.0,100.0,,5m_#Barclays,,0.15,100.0,USD,99941.8,4.0,1999994.2,99941.8,100005.8,100005.8,,
17.0,-3.9,20170130 15:05:00 EST,20170130 15:05:00 EST,20170130 15:05:00 EST,2.243,,5m_#Barclays,short,,20170130 15:00:00 EST,closed,20170130 15:00:00 EST,2.244,,,100.0,100.0,,5m_#Barclays,,0.1,100.0,USD,99937.9,4.0,1999994.1,99937.9,100005.9,100005.9,,
18.0,-3.85,20170130 15:15:00 EST,20170130 15:15:00 EST,20170130 15:15:00 EST,2.2435,,5m_#Barclays,short,,20170130 15:10:00 EST,closed,20170130 15:10:00 EST,2.245,,,100.0,100.0,,5m_#Barclays,,0.15,100.0,USD,99934.05,4.0,1999993.95,99934.05,100006.05,100006.05,,
19.0,-3.9,20170130 15:25:00 EST,20170130 15:25:00 EST,20170130 15:25:00 EST,2.242,,5m_#Barclays,short,,20170130 15:20:00 EST,closed,20170130 15:20:00 EST,2.243,,,100.0,100.0,,5m_#Barclays,,0.1,100.0,USD,99930.15,4.0,1999993.85,99930.15,100006.15,100006.15,,
20.0,-3.75,20170130 16:00:00 EST,20170130 16:00:00 EST,20170130 16:00:00 EST,2.238,,5m_#Barclays,short,,20170130 15:30:00 EST,closed,20170130 15:30:00 EST,2.2405,,,100.0,100.0,,5m_#Barclays,,0.25,100.0,USD,99926.4,4.0,1999993.6,99926.4,100006.4,100006.4,,
21.0,-3.95,20170130 16:10:00 EST,20170130 16:10:00 EST,20170130 16:10:00 EST,2.2395,,5m_#Barclays,short,,20170130 16:05:00 EST,closed,20170130 16:05:00 EST,2.24,,,100.0,100.0,,5m_#Barclays,,0.05,100.0,USD,99922.45,4.0,1999993.55,99922.45,100006.45,100006.45,,
22.0,-3.55,20170130 16:40:00 EST,20170130 16:40:00 EST,20170130 16:40:00 EST,2.2355,,5m_#Barclays,short,,20170130 16:15:00 EST,closed,20170130 16:15:00 EST,2.24,,,100.0,100.0,,5m_#Barclays,,0.45,100.0,USD,99918.9,4.0,1999993.1,99918.9,100006.9,100006.9,,
23.0,-3.95,20170130 17:15:00 EST,20170130 17:15:00 EST,20170130 17:15:00 EST,2.2295,,5m_#Barclays,short,,20170130 16:45:00 EST,closed,20170130 16:45:00 EST,2.23,,,100.0,100.0,,5m_#Barclays,,0.05,100.0,USD,99914.95,4.0,1999993.05,99914.95,100006.95,100006.95,,
24.0,-3.95,20170130 17:30:00 EST,20170130 17:30:00 EST,20170130 17:30:00 EST,2.227,,5m_#Barclays,short,,20170130 17:20:00 EST,closed,20170130 17:20:00 EST,2.2275,,,100.0,100.0,,5m_#Barclays,,0.05,100.0,USD,99911.0,4.0,1999993.0,99911.0,100007.0,100007.0,,
25.0,-3.9,20170130 17:40:00 EST,20170130 17:40:00 EST,20170130 17:40:00 EST,2.227,,5m_#Barclays,short,,20170130 17:35:00 EST,closed,20170130 17:35:00 EST,2.228,,,100.0,100.0,,5m_#Barclays,,0.1,100.0,USD,99907.1,4.0,1999992.9,99907.1,100007.1,100007.1,,
26.0,-3.85,20170130 18:20:00 EST,20170130 18:20:00 EST,20170130 18:20:00 EST,2.2245,,5m_#Barclays,short,,20170130 17:45:00 EST,closed,20170130 17:45:00 EST,2.226,,,100.0,100.0,,5m_#Barclays,,0.15,100.0,USD,99903.25,4.0,1999992.75,99903.25,100007.25,100007.25,,
27.0,-3.7,20170131 10:05:00 EST,20170131 10:05:00 EST,20170131 10:05:00 EST,2.22,,5m_#Barclays,short,,20170130 18:25:00 EST,closed,20170130 18:25:00 EST,2.223,,,100.0,100.0,,5m_#Barclays,,0.3,100.0,USD,99899.55,4.0,1999992.45,99899.55,100007.55,100007.55,,
28.0,-3.7,20170131 10:15:00 EST,20170131 10:15:00 EST,20170131 10:15:00 EST,2.212,,5m_#Barclays,short,,20170131 10:10:00 EST,closed,20170131 10:10:00 EST,2.215,,,100.0,100.0,,5m_#Barclays,,0.3,100.0,USD,99895.85,4.0,1999992.15,99895.85,100007.85,100007.85,,
29.0,-3.8,20170131 13:45:00 EST,20170131 13:45:00 EST,20170131 13:45:00 EST,2.218,,5m_#Barclays,short,,20170131 10:20:00 EST,closed,20170131 10:20:00 EST,2.22,,,100.0,100.0,,5m_#Barclays,,0.2,100.0,USD,99892.05,4.0,1999991.95,99892.05,100008.05,100008.05,,
30.0,-3.7,20170131 13:55:00 EST,20170131 13:55:00 EST,20170131 13:55:00 EST,2.218,,5m_#Barclays,short,,20170131 13:50:00 EST,closed,20170131 13:50:00 EST,2.221,,,100.0,100.0,,5m_#Barclays,,0.3,100.0,USD,99888.35,4.0,1999991.65,99888.35,100008.35,100008.35,,
31.0,-3.85,20170131 14:05:00 EST,20170131 14:05:00 EST,20170131 14:05:00 EST,2.219,,5m_#Barclays,short,,20170131 14:00:00 EST,closed,20170131 14:00:00 EST,2.2205,,,100.0,100.0,,5m_#Barclays,,0.15,100.0,USD,99884.5,4.0,1999991.5,99884.5,100008.5,100008.5,,
32.0,-3.9,20170131 14:15:00 EST,20170131 14:15:00 EST,20170131 14:15:00 EST,2.2165,,5m_#Barclays,short,,20170131 14:10:00 EST,closed,20170131 14:10:00 EST,2.2175,,,100.0,100.0,,5m_#Barclays,,0.1,100.0,USD,99880.6,4.0,1999991.4,99880.6,100008.6,100008.6,,
33.0,-3.9,20170131 14:25:00 EST,20170131 14:25:00 EST,20170131 14:25:00 EST,2.215,,5m_#Barclays,short,,20170131 14:20:00 EST,closed,20170131 14:20:00 EST,2.216,,,100.0,100.0,,5m_#Barclays,,0.1,100.0,USD,99876.7,4.0,1999991.3,99876.7,100008.7,100008.7,,
34.0,-3.9,20170131 14:35:00 EST,20170131 14:35:00 EST,20170131 14:35:00 EST,2.2125,,5m_#Barclays,short,,20170131 14:30:00 EST,closed,20170131 14:30:00 EST,2.2135,,,100.0,100.0,,5m_#Barclays,,0.1,100.0,USD,99872.8,4.0,1999991.2,99872.8,100008.8,100008.8,,
35.0,-3.65,20170131 14:45:00 EST,20170131 14:45:00 EST,20170131 14:45:00 EST,2.212,,5m_#Barclays,short,,20170131 14:40:00 EST,closed,20170131 14:40:00 EST,2.2155,,,100.0,100.0,,5m_#Barclays,,0.35,100.0,USD,99869.15,4.0,1999990.85,99869.15,100009.15,100009.15,,
36.0,-3.7,20170131 16:50:00 EST,20170131 16:50:00 EST,20170131 16:50:00 EST,2.209,,5m_#Barclays,short,,20170131 14:50:00 EST,closed,20170131 14:50:00 EST,2.212,,,100.0,100.0,,5m_#Barclays,,0.3,100.0,USD,99865.45,4.0,1999990.55,99865.45,100009.45,100009.45,,
37.0,-2.7,20170131 17:00:00 EST,20170131 17:00:00 EST,20170131 17:00:00 EST,2.1995,,5m_#Barclays,short,,20170131 16:55:00 EST,closed,20170131 16:55:00 EST,2.2125,,,100.0,100.0,,5m_#Barclays,,1.3,100.0,USD,99862.75,4.0,1999989.25,99862.75,100010.75,100010.75,,
38.0,-3.5,20170131 17:10:00 EST,20170131 17:10:00 EST,20170131 17:10:00 EST,2.1995,,5m_#Barclays,short,,20170131 17:05:00 EST,closed,20170131 17:05:00 EST,2.2045,,,100.0,100.0,,5m_#Barclays,,0.5,100.0,USD,99859.25,4.0,1999988.75,99859.25,100011.25,100011.25,,
39.0,-3.95,20170131 17:20:00 EST,20170131 17:20:00 EST,20170131 17:20:00 EST,2.202,,5m_#Barclays,short,,20170131 17:15:00 EST,closed,20170131 17:15:00 EST,2.2025,,,100.0,100.0,,5m_#Barclays,,0.05,100.0,USD,99855.3,4.0,1999988.7,99855.3,100011.3,100011.3,,
40.0,-3.9,20170131 17:35:00 EST,20170131 17:35:00 EST,20170131 17:35:00 EST,2.1975,,5m_#Barclays,short,,20170131 17:25:00 EST,closed,20170131 17:25:00 EST,2.1985,,,100.0,100.0,,5m_#Barclays,,0.1,100.0,USD,99851.4,4.0,1999988.6,99851.4,100011.4,100011.4,,
41.0,-3.75,20170131 17:45:00 EST,20170131 17:45:00 EST,20170131 17:45:00 EST,2.193,,5m_#Barclays,short,,20170131 17:40:00 EST,closed,20170131 17:40:00 EST,2.1955,,,100.0,100.0,,5m_#Barclays,,0.25,100.0,USD,99847.65,4.0,1999988.35,99847.65,100011.65,100011.65,,
42.0,-3.5,20170131 17:55:00 EST,20170131 17:55:00 EST,20170131 17:55:00 EST,2.1855,,5m_#Barclays,short,,20170131 17:50:00 EST,closed,20170131 17:50:00 EST,2.1905,,,100.0,100.0,,5m_#Barclays,,0.5,100.0,USD,99844.15,4.0,1999987.85,99844.15,100012.15,100012.15,,
43.0,-3.25,20170131 18:05:00 EST,20170131 18:05:00 EST,20170131 18:05:00 EST,2.1855,,5m_#Barclays,short,,20170131 18:00:00 EST,closed,20170131 18:00:00 EST,2.193,,,100.0,100.0,,5m_#Barclays,,0.75,100.0,USD,99840.9,4.0,1999987.1,99840.9,100012.9,100012.9,,
44.0,-3.85,20170131 18:25:00 EST,20170131 18:25:00 EST,20170131 18:25:00 EST,2.188,,5m_#Barclays,short,,20170131 18:10:00 EST,closed,20170131 18:10:00 EST,2.1895,,,100.0,100.0,,5m_#Barclays,,0.15,100.0,USD,99837.05,4.0,1999986.95,99837.05,100013.05,100013.05,,
45.0,-3.05,20170201 10:05:00 EST,20170201 10:05:00 EST,20170201 10:05:00 EST,2.206,,5m_#Barclays,short,,20170201 10:00:00 EST,closed,20170201 10:00:00 EST,2.2155,,,100.0,100.0,,5m_#Barclays,,0.95,100.0,USD,99834.0,4.0,1999986.0,99834.0,100014.0,100014.0,,
46.0,-3.4,20170201 10:30:00 EST,20170201 10:30:00 EST,20170201 10:30:00 EST,2.202,,5m_#Barclays,short,,20170201 10:10:00 EST,closed,20170201 10:10:00 EST,2.208,,,100.0,100.0,,5m_#Barclays,,0.6,100.0,USD,99830.6,4.0,1999985.4,99830.6,100014.6,100014.6,,
47.0,-3.9,20170201 10:40:00 EST,20170201 10:40:00 EST,20170201 10:40:00 EST,2.202,,5m_#Barclays,short,,20170201 10:35:00 EST,closed,20170201 10:35:00 EST,2.203,,,100.0,100.0,,5m_#Barclays,,0.1,100.0,USD,99826.7,4.0,1999985.3,99826.7,100014.7,100014.7,,
48.0,-3.85,20170202 11:20:00 EST,20170202 11:20:00 EST,20170202 11:20:00 EST,2.207,,5m_#Barclays,short,,20170201 10:45:00 EST,closed,20170201 10:45:00 EST,2.2085,,,100.0,100.0,,5m_#Barclays,,0.15,100.0,USD,99822.85,4.0,1999985.15,99822.85,100014.85,100014.85,,
49.0,-3.8,20170202 11:30:00 EST,20170202 11:30:00 EST,20170202 11:30:00 EST,2.204,,5m_#Barclays,short,,20170202 11:25:00 EST,closed,20170202 11:25:00 EST,2.206,,,100.0,100.0,,5m_#Barclays,,0.2,100.0,USD,99819.05,4.0,1999984.95,99819.05,100015.05,100015.05,,
50.0,-3.85,20170202 11:45:00 EST,20170202 11:45:00 EST,20170202 11:45:00 EST,2.203,,5m_#Barclays,short,,20170202 11:35:00 EST,closed,20170202 11:35:00 EST,2.2045,,,100.0,100.0,,5m_#Barclays,,0.15,100.0,USD,99815.2,4.0,1999984.8,99815.2,100015.2,100015.2,,
51.0,-3.6,20170202 11:55:00 EST,20170202 11:55:00 EST,20170202 11:55:00 EST,2.2005,,5m_#Barclays,short,,20170202 11:50:00 EST,closed,20170202 11:50:00 EST,2.2045,,,100.0,100.0,,5m_#Barclays,,0.4,100.0,USD,99811.6,4.0,1999984.4,99811.6,100015.6,100015.6,,
52.0,-2.0,,,,0.0,,5m_#Barclays,short,,20170202 12:00:00 EST,open,20170202 12:00:00 EST,2.197,,,0.0,100.0,,5m_#Barclays,,0.0,-100.0,USD,99809.6,2.0,1999764.7,99809.6,100015.6,100015.6,,
