trade_id,PL,closeVWAP_timestamp,closedWhen,closedWhenUnixTimeStamp,closing_price_VWAP,expir,instrument,long_or_short,markToMarket_time,openVWAP_timestamp,open_or_closed,openedWhen,opening_price_VWAP,ptValue,putcall,quant_closed,quant_opened,strike,symbol,symbol_description,PurePL,qty,currency,balance,commission,margin_available,mark_to_mkt,pure_mark_to_mkt,purebalance,pure_unr_pnl,unr_pnl
1.0,-10.0,20170131 16:55:00 EST,20170131 16:55:00 EST,20170131 16:55:00 EST,17.12,,5m_#Twitter,long,,20170131 16:50:00 EST,closed,20170131 16:50:00 EST,17.18,,,100.0,100.0,,5m_#Twitter,,-6.0,-100.0,USD,99990.0,4.0,1999994.0,99990.0,99994.0,99994.0,,
2.0,-5.0,20170201 22:00:00 EST,20170201 22:00:00 EST,20170201 22:00:00 EST,16.99,,5m_#Twitter,long,,20170131 17:00:00 EST,closed,20170131 17:00:00 EST,17.0,,,100.0,100.0,,5m_#Twitter,,-1.0,-100.0,USD,99985.0,4.0,1999993.0,99985.0,99993.0,99993.0,,
3.0,-6.0,20170201 22:10:00 EST,20170201 22:10:00 EST,20170201 22:10:00 EST,17.01,,5m_#Twitter,long,,20170201 22:05:00 EST,closed,20170201 22:05:00 EST,17.03,,,100.0,100.0,,5m_#Twitter,,-2.0,-100.0,USD,99979.0,4.0,1999991.0,99979.0,99991.0,99991.0,,
4.0,-41.0,20170209 16:30:00 EST,20170209 16:30:00 EST,20170209 16:30:00 EST,16.63,,5m_#Twitter,long,,20170201 22:15:00 EST,closed,20170201 22:15:00 EST,17.0,,,100.0,100.0,,5m_#Twitter,,-37.0,-100.0,USD,99938.0,4.0,1999954.0,99938.0,99954.0,99954.0,,
5.0,-6.0,20170209 16:45:00 EST,20170209 16:45:00 EST,20170209 16:45:00 EST,16.36,,5m_#Twitter,long,,20170209 16:35:00 EST,closed,20170209 16:35:00 EST,16.38,,,100.0,100.0,,5m_#Twitter,,-2.0,-100.0,USD,99932.0,4.0,1999952.0,99932.0,99952.0,99952.0,,
6.0,-2.0,20170209 21:30:00 EST,20170209 21:30:00 EST,20170209 21:30:00 EST,16.29,,5m_#Twitter,short,,20170209 16:50:00 EST,closed,20170209 16:50:00 EST,16.31,,,100.0,100.0,,5m_#Twitter,,2.0,100.0,USD,99930.0,4.0,1999950.0,99930.0,99954.0,99954.0,,
7.0,-8.52651282912e-14,20170209 21:45:00 EST,20170209 21:45:00 EST,20170209 21:45:00 EST,16.36,,5m_#Twitter,short,,20170209 21:35:00 EST,closed,20170209 21:35:00 EST,16.4,,,100.0,100.0,,5m_#Twitter,,4.0,100.0,USD,99930.0,4.0,1999946.0,99930.0,99958.0,99958.0,,
8.0,-1.0,20170209 21:55:00 EST,20170209 21:55:00 EST,20170209 21:55:00 EST,16.34,,5m_#Twitter,short,,20170209 21:50:00 EST,closed,20170209 21:50:00 EST,16.37,,,100.0,100.0,,5m_#Twitter,,3.0,100.0,USD,99929.0,4.0,1999943.0,99929.0,99961.0,99961.0,,
9.0,-8.52651282912e-14,20170209 22:05:00 EST,20170209 22:05:00 EST,20170209 22:05:00 EST,16.25,,5m_#Twitter,short,,20170209 22:00:00 EST,closed,20170209 22:00:00 EST,16.29,,,100.0,100.0,,5m_#Twitter,,4.0,100.0,USD,99929.0,4.0,1999939.0,99929.0,99965.0,99965.0,,
10.0,-2.0,20170209 22:15:00 EST,20170209 22:15:00 EST,20170209 22:15:00 EST,16.23,,5m_#Twitter,short,,20170209 22:10:00 EST,closed,20170209 22:10:00 EST,16.25,,,100.0,100.0,,5m_#Twitter,,2.0,100.0,USD,99927.0,4.0,1999937.0,99927.0,99967.0,99967.0,,
11.0,-2.0,20170209 22:30:00 EST,20170209 22:30:00 EST,20170209 22:30:00 EST,16.17,,5m_#Twitter,short,,20170209 22:20:00 EST,closed,20170209 22:20:00 EST,16.19,,,100.0,100.0,,5m_#Twitter,,2.0,100.0,USD,99925.0,4.0,1999935.0,99925.0,99969.0,99969.0,,
12.0,43.0,20170210 16:30:00 EST,20170210 16:30:00 EST,20170210 16:30:00 EST,15.8,,5m_#Twitter,short,,20170209 22:35:00 EST,closed,20170209 22:35:00 EST,16.27,,,100.0,100.0,,5m_#Twitter,,47.0,100.0,USD,99968.0,4.0,1999888.0,99968.0,100016.0,100016.0,,
13.0,-1.0,20170210 16:40:00 EST,20170210 16:40:00 EST,20170210 16:40:00 EST,15.64,,5m_#Twitter,short,,20170210 16:35:00 EST,closed,20170210 16:35:00 EST,15.67,,,100.0,100.0,,5m_#Twitter,,3.0,100.0,USD,99967.0,4.0,1999885.0,99967.0,100019.0,100019.0,,
14.0,1.0,20170210 17:10:00 EST,20170210 17:10:00 EST,20170210 17:10:00 EST,15.59,,5m_#Twitter,short,,20170210 16:45:00 EST,closed,20170210 16:45:00 EST,15.64,,,100.0,100.0,,5m_#Twitter,,5.0,100.0,USD,99968.0,4.0,1999880.0,99968.0,100024.0,100024.0,,
15.0,-8.52651282912e-14,20170210 17:20:00 EST,20170210 17:20:00 EST,20170210 17:20:00 EST,15.58,,5m_#Twitter,short,,20170210 17:15:00 EST,closed,20170210 17:15:00 EST,15.62,,,100.0,100.0,,5m_#Twitter,,4.0,100.0,USD,99968.0,4.0,1999876.0,99968.0,100028.0,100028.0,,
16.0,-2.0,20170210 17:50:00 EST,20170210 17:50:00 EST,20170210 17:50:00 EST,15.55,,5m_#Twitter,short,,20170210 17:25:00 EST,closed,20170210 17:25:00 EST,15.57,,,100.0,100.0,,5m_#Twitter,,2.0,100.0,USD,99966.0,4.0,1999874.0,99966.0,100030.0,100030.0,,
17.0,-2.0,20170210 18:05:00 EST,20170210 18:05:00 EST,20170210 18:05:00 EST,15.6,,5m_#Twitter,short,,20170210 17:55:00 EST,closed,20170210 17:55:00 EST,15.62,,,100.0,100.0,,5m_#Twitter,,2.0,100.0,USD,99964.0,4.0,1999872.0,99964.0,100032.0,100032.0,,
18.0,-2.0,20170210 18:35:00 EST,20170210 18:35:00 EST,20170210 18:35:00 EST,15.59,,5m_#Twitter,short,,20170210 18:10:00 EST,closed,20170210 18:10:00 EST,15.61,,,100.0,100.0,,5m_#Twitter,,2.0,100.0,USD,99962.0,4.0,1999870.0,99962.0,100034.0,100034.0,,
19.0,-8.52651282912e-14,20170210 19:05:00 EST,20170210 19:05:00 EST,20170210 19:05:00 EST,15.55,,5m_#Twitter,short,,20170210 18:40:00 EST,closed,20170210 18:40:00 EST,15.59,,,100.0,100.0,,5m_#Twitter,,4.0,100.0,USD,99962.0,4.0,1999866.0,99962.0,100038.0,100038.0,,
20.0,2.0,20170210 19:55:00 EST,20170210 19:55:00 EST,20170210 19:55:00 EST,15.48,,5m_#Twitter,short,,20170210 19:10:00 EST,closed,20170210 19:10:00 EST,15.54,,,100.0,100.0,,5m_#Twitter,,6.0,100.0,USD,99964.0,4.0,1999860.0,99964.0,100044.0,100044.0,,
21.0,-1.0,20170210 20:20:00 EST,20170210 20:20:00 EST,20170210 20:20:00 EST,15.45,,5m_#Twitter,short,,20170210 20:00:00 EST,closed,20170210 20:00:00 EST,15.48,,,100.0,100.0,,5m_#Twitter,,3.0,100.0,USD,99963.0,4.0,1999857.0,99963.0,100047.0,100047.0,,
22.0,-3.0,20170210 20:55:00 EST,20170210 20:55:00 EST,20170210 20:55:00 EST,15.44,,5m_#Twitter,short,,20170210 20:25:00 EST,closed,20170210 20:25:00 EST,15.45,,,100.0,100.0,,5m_#Twitter,,1.0,100.0,USD,99960.0,4.0,1999856.0,99960.0,100048.0,100048.0,,
23.0,-3.0,20170210 22:25:00 EST,20170210 22:25:00 EST,20170210 22:25:00 EST,15.46,,5m_#Twitter,short,,20170210 21:00:00 EST,closed,20170210 21:00:00 EST,15.47,,,100.0,100.0,,5m_#Twitter,,1.0,100.0,USD,99957.0,4.0,1999855.0,99957.0,100049.0,100049.0,,
24.0,-3.0,20170210 22:35:00 EST,20170210 22:35:00 EST,20170210 22:35:00 EST,15.46,,5m_#Twitter,short,,20170210 22:30:00 EST,closed,20170210 22:30:00 EST,15.47,,,100.0,100.0,,5m_#Twitter,,1.0,100.0,USD,99954.0,4.0,1999854.0,99954.0,100050.0,100050.0,,
25.0,-3.0,20170210 22:45:00 EST,20170210 22:45:00 EST,20170210 22:45:00 EST,15.45,,5m_#Twitter,short,,20170210 22:40:00 EST,closed,20170210 22:40:00 EST,15.46,,,100.0,100.0,,5m_#Twitter,,1.0,100.0,USD,99951.0,4.0,1999853.0,99951.0,100051.0,100051.0,,
26.0,-2.0,,,,0.0,,5m_#Twitter,short,,20170210 22:50:00 EST,open,20170210 22:50:00 EST,15.44,,,0.0,100.0,,5m_#Twitter,,0.0,-100.0,USD,99949.0,2.0,1998309.0,99949.0,100051.0,100051.0,,
