permid,account,clientid,commission,commission_currency,exchange,execid,expiry,level_0,orderid,price,qty,openqty,realized_PnL,side,symbol,symbol_currency,times,yield_redemption_date,PurePL,balance,margin_available,mark_to_mkt,openprice,pure_mark_to_mkt,purebalance,real_pnl
1,Paper,Paper,2.0,USD,IDEALPRO,1.0,,,1.0,22.77,100.0,-100.0,-2.0,SLD,5m_,USD,20170130 18:20:00 EST,,0.0,99998.0,1997723.0,99998.0,22.77,100000.0,100000.0,-2.0
2,Paper,Paper,2.0,USD,IDEALPRO,2.0,,,1.0,22.75,100.0,0.0,-4.26325641456e-14,BOT,5m_,USD,20170130 18:25:00 EST,,2.0,99998.0,1999998.0,99998.0,22.77,100002.0,100002.0,-4.26325641456e-14
3,Paper,Paper,2.0,USD,IDEALPRO,3.0,,,1.0,22.76,100.0,-100.0,-2.0,SLD,5m_,USD,20170130 18:30:00 EST,,0.0,99996.0,1997722.0,99996.0,22.76,100002.0,100002.0,-2.0
4,Paper,Paper,2.0,USD,IDEALPRO,4.0,,,1.0,22.72,100.0,0.0,2.0,BOT,5m_,USD,20170131 17:00:00 EST,,4.0,99998.0,1999994.0,99998.0,22.76,100006.0,100006.0,2.0
5,Paper,Paper,2.0,USD,IDEALPRO,5.0,,,1.0,22.79,100.0,100.0,-2.0,BOT,5m_,USD,20170131 17:05:00 EST,,0.0,99996.0,1997715.0,99996.0,22.79,100006.0,100006.0,-2.0
6,Paper,Paper,2.0,USD,IDEALPRO,6.0,,,1.0,22.74,100.0,0.0,-7.0,SLD,5m_,USD,20170131 17:10:00 EST,,-5.0,99989.0,1999989.0,99989.0,22.79,100001.0,100001.0,-7.0
7,Paper,Paper,2.0,USD,IDEALPRO,7.0,,,1.0,22.78,100.0,100.0,-2.0,BOT,5m_,USD,20170131 17:15:00 EST,,0.0,99987.0,1997711.0,99987.0,22.78,100001.0,100001.0,-2.0
8,Paper,Paper,2.0,USD,IDEALPRO,8.0,,,1.0,22.75,100.0,0.0,-5.0,SLD,5m_,USD,20170131 17:20:00 EST,,-3.0,99982.0,1999986.0,99982.0,22.78,99998.0,99998.0,-5.0
9,Paper,Paper,2.0,USD,IDEALPRO,9.0,,,1.0,22.75,100.0,-100.0,-2.0,SLD,5m_,USD,20170131 17:25:00 EST,,0.0,99980.0,1997711.0,99980.0,22.75,99998.0,99998.0,-2.0
10,Paper,Paper,2.0,USD,IDEALPRO,10.0,,,1.0,22.74,100.0,0.0,-1.0,BOT,5m_,USD,20170131 17:35:00 EST,,1.0,99979.0,1999985.0,99979.0,22.75,99999.0,99999.0,-1.0
11,Paper,Paper,2.0,USD,IDEALPRO,11.0,,,1.0,22.69,100.0,-100.0,-2.0,SLD,5m_,USD,20170131 17:40:00 EST,,0.0,99977.0,1997716.0,99977.0,22.69,99999.0,99999.0,-2.0
12,Paper,Paper,2.0,USD,IDEALPRO,12.0,,,1.0,22.65,100.0,0.0,2.0,BOT,5m_,USD,20170131 17:45:00 EST,,4.0,99979.0,1999981.0,99979.0,22.69,100003.0,100003.0,2.0
13,Paper,Paper,2.0,USD,IDEALPRO,13.0,,,1.0,22.66,100.0,-100.0,-2.0,SLD,5m_,USD,20170131 17:50:00 EST,,0.0,99977.0,1997715.0,99977.0,22.66,100003.0,100003.0,-2.0
14,Paper,Paper,2.0,USD,IDEALPRO,14.0,,,1.0,22.64,100.0,0.0,-4.26325641456e-14,BOT,5m_,USD,20170131 18:00:00 EST,,2.0,99977.0,1999979.0,99977.0,22.66,100005.0,100005.0,-4.26325641456e-14
15,Paper,Paper,2.0,USD,IDEALPRO,15.0,,,1.0,22.68,100.0,-100.0,-2.0,SLD,5m_,USD,20170131 18:05:00 EST,,0.0,99975.0,1997711.0,99975.0,22.68,100005.0,100005.0,-2.0
16,Paper,Paper,2.0,USD,IDEALPRO,16.0,,,1.0,22.67,100.0,0.0,-1.0,BOT,5m_,USD,20170131 18:30:00 EST,,1.0,99974.0,1999978.0,99974.0,22.68,100006.0,100006.0,-1.0
17,Paper,Paper,2.0,USD,IDEALPRO,17.0,,,1.0,22.64,100.0,-100.0,-2.0,SLD,5m_,USD,20170131 18:35:00 EST,,0.0,99972.0,1997714.0,99972.0,22.64,100006.0,100006.0,-2.0
18,Paper,Paper,2.0,USD,IDEALPRO,18.0,,,1.0,22.6,100.0,0.0,2.0,BOT,5m_,USD,20170131 18:40:00 EST,,4.0,99974.0,1999974.0,99974.0,22.64,100010.0,100010.0,2.0
19,Paper,Paper,2.0,USD,IDEALPRO,19.0,,,1.0,22.6,100.0,-100.0,-2.0,SLD,5m_,USD,20170131 18:45:00 EST,,0.0,99972.0,1997714.0,99972.0,22.6,100010.0,100010.0,-2.0
20,Paper,Paper,2.0,USD,IDEALPRO,20.0,,,1.0,22.57,100.0,0.0,1.0,BOT,5m_,USD,20170131 19:00:00 EST,,3.0,99973.0,1999971.0,99973.0,22.6,100013.0,100013.0,1.0
21,Paper,Paper,2.0,USD,IDEALPRO,21.0,,,1.0,22.62,100.0,-100.0,-2.0,SLD,5m_,USD,20170131 19:05:00 EST,,0.0,99971.0,1997709.0,99971.0,22.62,100013.0,100013.0,-2.0
22,Paper,Paper,2.0,USD,IDEALPRO,22.0,,,1.0,22.61,100.0,0.0,-1.0,BOT,5m_,USD,20170131 19:30:00 EST,,1.0,99970.0,1999970.0,99970.0,22.62,100014.0,100014.0,-1.0
23,Paper,Paper,2.0,USD,IDEALPRO,23.0,,,1.0,22.61,100.0,-100.0,-2.0,SLD,5m_,USD,20170131 19:35:00 EST,,0.0,99968.0,1997709.0,99968.0,22.61,100014.0,100014.0,-2.0
24,Paper,Paper,2.0,USD,IDEALPRO,24.0,,,1.0,22.57,100.0,0.0,2.0,BOT,5m_,USD,20170131 20:10:00 EST,,4.0,99970.0,1999966.0,99970.0,22.61,100018.0,100018.0,2.0
25,Paper,Paper,2.0,USD,IDEALPRO,25.0,,,1.0,22.57,100.0,-100.0,-2.0,SLD,5m_,USD,20170131 20:15:00 EST,,0.0,99968.0,1997709.0,99968.0,22.57,100018.0,100018.0,-2.0
26,Paper,Paper,2.0,USD,IDEALPRO,26.0,,,1.0,22.55,100.0,0.0,-4.26325641456e-14,BOT,5m_,USD,20170131 20:45:00 EST,,2.0,99968.0,1999964.0,99968.0,22.57,100020.0,100020.0,-4.26325641456e-14
27,Paper,Paper,2.0,USD,IDEALPRO,27.0,,,1.0,22.54,100.0,-100.0,-2.0,SLD,5m_,USD,20170131 20:50:00 EST,,0.0,99966.0,1997710.0,99966.0,22.54,100020.0,100020.0,-2.0
28,Paper,Paper,2.0,USD,IDEALPRO,28.0,,,1.0,22.53,100.0,0.0,-1.0,BOT,5m_,USD,20170131 21:05:00 EST,,1.0,99965.0,1999963.0,99965.0,22.54,100021.0,100021.0,-1.0
29,Paper,Paper,2.0,USD,IDEALPRO,29.0,,,1.0,22.53,100.0,-100.0,-2.0,SLD,5m_,USD,20170131 21:10:00 EST,,0.0,99963.0,1997710.0,99963.0,22.53,100021.0,100021.0,-2.0
30,Paper,Paper,2.0,USD,IDEALPRO,30.0,,,1.0,22.51,100.0,0.0,-4.26325641456e-14,BOT,5m_,USD,20170131 21:15:00 EST,,2.0,99963.0,1999961.0,99963.0,22.53,100023.0,100023.0,-4.26325641456e-14
31,Paper,Paper,2.0,USD,IDEALPRO,31.0,,,1.0,22.49,100.0,-100.0,-2.0,SLD,5m_,USD,20170131 21:20:00 EST,,0.0,99961.0,1997712.0,99961.0,22.49,100023.0,100023.0,-2.0
32,Paper,Paper,2.0,USD,IDEALPRO,32.0,,,1.0,22.48,100.0,0.0,-1.0,BOT,5m_,USD,20170208 17:25:00 EST,,1.0,99960.0,1999960.0,99960.0,22.49,100024.0,100024.0,-1.0
33,Paper,Paper,2.0,USD,IDEALPRO,33.0,,,1.0,22.49,100.0,-100.0,-2.0,SLD,5m_,USD,20170208 17:30:00 EST,,0.0,99958.0,1997711.0,99958.0,22.49,100024.0,100024.0,-2.0
34,Paper,Paper,2.0,USD,IDEALPRO,34.0,,,1.0,22.46,100.0,0.0,1.0,BOT,5m_,USD,20170208 17:35:00 EST,,3.0,99959.0,1999957.0,99959.0,22.49,100027.0,100027.0,1.0
35,Paper,Paper,2.0,USD,IDEALPRO,35.0,,,1.0,22.47,100.0,-100.0,-2.0,SLD,5m_,USD,20170208 17:40:00 EST,,0.0,99957.0,1997710.0,99957.0,22.47,100027.0,100027.0,-2.0
