permid,account,clientid,commission,commission_currency,exchange,execid,expiry,level_0,orderid,price,qty,openqty,realized_PnL,side,symbol,symbol_currency,times,yield_redemption_date,PurePL,balance,margin_available,mark_to_mkt,openprice,pure_mark_to_mkt,purebalance,real_pnl
1,Paper,Paper,2.0,USD,IDEALPRO,1.0,,,1.0,17.18,100.0,100.0,-2.0,BOT,5m_,USD,20170131 16:50:00 EST,,0.0,99998.0,1998282.0,99998.0,17.18,100000.0,100000.0,-2.0
2,Paper,Paper,2.0,USD,IDEALPRO,2.0,,,1.0,17.12,100.0,0.0,-8.0,SLD,5m_,USD,20170131 16:55:00 EST,,-6.0,99990.0,1999994.0,99990.0,17.18,99994.0,99994.0,-8.0
3,Paper,Paper,2.0,USD,IDEALPRO,3.0,,,1.0,17.0,100.0,100.0,-2.0,BOT,5m_,USD,20170131 17:00:00 EST,,0.0,99988.0,1998294.0,99988.0,17.0,99994.0,99994.0,-2.0
4,Paper,Paper,2.0,USD,IDEALPRO,4.0,,,1.0,16.99,100.0,0.0,-3.0,SLD,5m_,USD,20170201 22:00:00 EST,,-1.0,99985.0,1999993.0,99985.0,17.0,99993.0,99993.0,-3.0
5,Paper,Paper,2.0,USD,IDEALPRO,5.0,,,1.0,17.03,100.0,100.0,-2.0,BOT,5m_,USD,20170201 22:05:00 EST,,0.0,99983.0,1998290.0,99983.0,17.03,99993.0,99993.0,-2.0
6,Paper,Paper,2.0,USD,IDEALPRO,6.0,,,1.0,17.01,100.0,0.0,-4.0,SLD,5m_,USD,20170201 22:10:00 EST,,-2.0,99979.0,1999991.0,99979.0,17.03,99991.0,99991.0,-4.0
7,Paper,Paper,2.0,USD,IDEALPRO,7.0,,,1.0,17.0,100.0,100.0,-2.0,BOT,5m_,USD,20170201 22:15:00 EST,,0.0,99977.0,1998291.0,99977.0,17.0,99991.0,99991.0,-2.0
8,Paper,Paper,2.0,USD,IDEALPRO,8.0,,,1.0,16.63,100.0,0.0,-39.0,SLD,5m_,USD,20170209 16:30:00 EST,,-37.0,99938.0,1999954.0,99938.0,17.0,99954.0,99954.0,-39.0
9,Paper,Paper,2.0,USD,IDEALPRO,9.0,,,1.0,16.38,100.0,100.0,-2.0,BOT,5m_,USD,20170209 16:35:00 EST,,0.0,99936.0,1998316.0,99936.0,16.38,99954.0,99954.0,-2.0
10,Paper,Paper,2.0,USD,IDEALPRO,10.0,,,1.0,16.36,100.0,0.0,-4.0,SLD,5m_,USD,20170209 16:45:00 EST,,-2.0,99932.0,1999952.0,99932.0,16.38,99952.0,99952.0,-4.0
11,Paper,Paper,2.0,USD,IDEALPRO,11.0,,,1.0,16.31,100.0,-100.0,-2.0,SLD,5m_,USD,20170209 16:50:00 EST,,0.0,99930.0,1998321.0,99930.0,16.31,99952.0,99952.0,-2.0
12,Paper,Paper,2.0,USD,IDEALPRO,12.0,,,1.0,16.29,100.0,0.0,-4.26325641456e-14,BOT,5m_,USD,20170209 21:30:00 EST,,2.0,99930.0,1999950.0,99930.0,16.31,99954.0,99954.0,-4.26325641456e-14
13,Paper,Paper,2.0,USD,IDEALPRO,13.0,,,1.0,16.4,100.0,-100.0,-2.0,SLD,5m_,USD,20170209 21:35:00 EST,,0.0,99928.0,1998310.0,99928.0,16.4,99954.0,99954.0,-2.0
14,Paper,Paper,2.0,USD,IDEALPRO,14.0,,,1.0,16.36,100.0,0.0,2.0,BOT,5m_,USD,20170209 21:45:00 EST,,4.0,99930.0,1999946.0,99930.0,16.4,99958.0,99958.0,2.0
15,Paper,Paper,2.0,USD,IDEALPRO,15.0,,,1.0,16.37,100.0,-100.0,-2.0,SLD,5m_,USD,20170209 21:50:00 EST,,0.0,99928.0,1998309.0,99928.0,16.37,99958.0,99958.0,-2.0
16,Paper,Paper,2.0,USD,IDEALPRO,16.0,,,1.0,16.34,100.0,0.0,1.0,BOT,5m_,USD,20170209 21:55:00 EST,,3.0,99929.0,1999943.0,99929.0,16.37,99961.0,99961.0,1.0
17,Paper,Paper,2.0,USD,IDEALPRO,17.0,,,1.0,16.29,100.0,-100.0,-2.0,SLD,5m_,USD,20170209 22:00:00 EST,,0.0,99927.0,1998314.0,99927.0,16.29,99961.0,99961.0,-2.0
18,Paper,Paper,2.0,USD,IDEALPRO,18.0,,,1.0,16.25,100.0,0.0,2.0,BOT,5m_,USD,20170209 22:05:00 EST,,4.0,99929.0,1999939.0,99929.0,16.29,99965.0,99965.0,2.0
19,Paper,Paper,2.0,USD,IDEALPRO,19.0,,,1.0,16.25,100.0,-100.0,-2.0,SLD,5m_,USD,20170209 22:10:00 EST,,0.0,99927.0,1998314.0,99927.0,16.25,99965.0,99965.0,-2.0
20,Paper,Paper,2.0,USD,IDEALPRO,20.0,,,1.0,16.23,100.0,0.0,-4.26325641456e-14,BOT,5m_,USD,20170209 22:15:00 EST,,2.0,99927.0,1999937.0,99927.0,16.25,99967.0,99967.0,-4.26325641456e-14
21,Paper,Paper,2.0,USD,IDEALPRO,21.0,,,1.0,16.19,100.0,-100.0,-2.0,SLD,5m_,USD,20170209 22:20:00 EST,,0.0,99925.0,1998318.0,99925.0,16.19,99967.0,99967.0,-2.0
22,Paper,Paper,2.0,USD,IDEALPRO,22.0,,,1.0,16.17,100.0,0.0,-4.26325641456e-14,BOT,5m_,USD,20170209 22:30:00 EST,,2.0,99925.0,1999935.0,99925.0,16.19,99969.0,99969.0,-4.26325641456e-14
23,Paper,Paper,2.0,USD,IDEALPRO,23.0,,,1.0,16.27,100.0,-100.0,-2.0,SLD,5m_,USD,20170209 22:35:00 EST,,0.0,99923.0,1998308.0,99923.0,16.27,99969.0,99969.0,-2.0
24,Paper,Paper,2.0,USD,IDEALPRO,24.0,,,1.0,15.8,100.0,0.0,45.0,BOT,5m_,USD,20170210 16:30:00 EST,,47.0,99968.0,1999888.0,99968.0,16.27,100016.0,100016.0,45.0
25,Paper,Paper,2.0,USD,IDEALPRO,25.0,,,1.0,15.67,100.0,-100.0,-2.0,SLD,5m_,USD,20170210 16:35:00 EST,,0.0,99966.0,1998321.0,99966.0,15.67,100016.0,100016.0,-2.0
26,Paper,Paper,2.0,USD,IDEALPRO,26.0,,,1.0,15.64,100.0,0.0,1.0,BOT,5m_,USD,20170210 16:40:00 EST,,3.0,99967.0,1999885.0,99967.0,15.67,100019.0,100019.0,1.0
27,Paper,Paper,2.0,USD,IDEALPRO,27.0,,,1.0,15.64,100.0,-100.0,-2.0,SLD,5m_,USD,20170210 16:45:00 EST,,0.0,99965.0,1998321.0,99965.0,15.64,100019.0,100019.0,-2.0
28,Paper,Paper,2.0,USD,IDEALPRO,28.0,,,1.0,15.59,100.0,0.0,3.0,BOT,5m_,USD,20170210 17:10:00 EST,,5.0,99968.0,1999880.0,99968.0,15.64,100024.0,100024.0,3.0
29,Paper,Paper,2.0,USD,IDEALPRO,29.0,,,1.0,15.62,100.0,-100.0,-2.0,SLD,5m_,USD,20170210 17:15:00 EST,,0.0,99966.0,1998318.0,99966.0,15.62,100024.0,100024.0,-2.0
30,Paper,Paper,2.0,USD,IDEALPRO,30.0,,,1.0,15.58,100.0,0.0,2.0,BOT,5m_,USD,20170210 17:20:00 EST,,4.0,99968.0,1999876.0,99968.0,15.62,100028.0,100028.0,2.0
31,Paper,Paper,2.0,USD,IDEALPRO,31.0,,,1.0,15.57,100.0,-100.0,-2.0,SLD,5m_,USD,20170210 17:25:00 EST,,0.0,99966.0,1998319.0,99966.0,15.57,100028.0,100028.0,-2.0
32,Paper,Paper,2.0,USD,IDEALPRO,32.0,,,1.0,15.55,100.0,0.0,-4.26325641456e-14,BOT,5m_,USD,20170210 17:50:00 EST,,2.0,99966.0,1999874.0,99966.0,15.57,100030.0,100030.0,-4.26325641456e-14
33,Paper,Paper,2.0,USD,IDEALPRO,33.0,,,1.0,15.62,100.0,-100.0,-2.0,SLD,5m_,USD,20170210 17:55:00 EST,,0.0,99964.0,1998312.0,99964.0,15.62,100030.0,100030.0,-2.0
34,Paper,Paper,2.0,USD,IDEALPRO,34.0,,,1.0,15.6,100.0,0.0,-4.26325641456e-14,BOT,5m_,USD,20170210 18:05:00 EST,,2.0,99964.0,1999872.0,99964.0,15.62,100032.0,100032.0,-4.26325641456e-14
35,Paper,Paper,2.0,USD,IDEALPRO,35.0,,,1.0,15.61,100.0,-100.0,-2.0,SLD,5m_,USD,20170210 18:10:00 EST,,0.0,99962.0,1998311.0,99962.0,15.61,100032.0,100032.0,-2.0
36,Paper,Paper,2.0,USD,IDEALPRO,36.0,,,1.0,15.59,100.0,0.0,-4.26325641456e-14,BOT,5m_,USD,20170210 18:35:00 EST,,2.0,99962.0,1999870.0,99962.0,15.61,100034.0,100034.0,-4.26325641456e-14
37,Paper,Paper,2.0,USD,IDEALPRO,37.0,,,1.0,15.59,100.0,-100.0,-2.0,SLD,5m_,USD,20170210 18:40:00 EST,,0.0,99960.0,1998311.0,99960.0,15.59,100034.0,100034.0,-2.0
38,Paper,Paper,2.0,USD,IDEALPRO,38.0,,,1.0,15.55,100.0,0.0,2.0,BOT,5m_,USD,20170210 19:05:00 EST,,4.0,99962.0,1999866.0,99962.0,15.59,100038.0,100038.0,2.0
39,Paper,Paper,2.0,USD,IDEALPRO,39.0,,,1.0,15.54,100.0,-100.0,-2.0,SLD,5m_,USD,20170210 19:10:00 EST,,0.0,99960.0,1998312.0,99960.0,15.54,100038.0,100038.0,-2.0
40,Paper,Paper,2.0,USD,IDEALPRO,40.0,,,1.0,15.48,100.0,0.0,4.0,BOT,5m_,USD,20170210 19:55:00 EST,,6.0,99964.0,1999860.0,99964.0,15.54,100044.0,100044.0,4.0
41,Paper,Paper,2.0,USD,IDEALPRO,41.0,,,1.0,15.48,100.0,-100.0,-2.0,SLD,5m_,USD,20170210 20:00:00 EST,,0.0,99962.0,1998312.0,99962.0,15.48,100044.0,100044.0,-2.0
42,Paper,Paper,2.0,USD,IDEALPRO,42.0,,,1.0,15.45,100.0,0.0,1.0,BOT,5m_,USD,20170210 20:20:00 EST,,3.0,99963.0,1999857.0,99963.0,15.48,100047.0,100047.0,1.0
43,Paper,Paper,2.0,USD,IDEALPRO,43.0,,,1.0,15.45,100.0,-100.0,-2.0,SLD,5m_,USD,20170210 20:25:00 EST,,0.0,99961.0,1998312.0,99961.0,15.45,100047.0,100047.0,-2.0
44,Paper,Paper,2.0,USD,IDEALPRO,44.0,,,1.0,15.44,100.0,0.0,-1.0,BOT,5m_,USD,20170210 20:55:00 EST,,1.0,99960.0,1999856.0,99960.0,15.45,100048.0,100048.0,-1.0
45,Paper,Paper,2.0,USD,IDEALPRO,45.0,,,1.0,15.47,100.0,-100.0,-2.0,SLD,5m_,USD,20170210 21:00:00 EST,,0.0,99958.0,1998309.0,99958.0,15.47,100048.0,100048.0,-2.0
46,Paper,Paper,2.0,USD,IDEALPRO,46.0,,,1.0,15.46,100.0,0.0,-1.0,BOT,5m_,USD,20170210 22:25:00 EST,,1.0,99957.0,1999855.0,99957.0,15.47,100049.0,100049.0,-1.0
47,Paper,Paper,2.0,USD,IDEALPRO,47.0,,,1.0,15.47,100.0,-100.0,-2.0,SLD,5m_,USD,20170210 22:30:00 EST,,0.0,99955.0,1998308.0,99955.0,15.47,100049.0,100049.0,-2.0
48,Paper,Paper,2.0,USD,IDEALPRO,48.0,,,1.0,15.46,100.0,0.0,-1.0,BOT,5m_,USD,20170210 22:35:00 EST,,1.0,99954.0,1999854.0,99954.0,15.47,100050.0,100050.0,-1.0
49,Paper,Paper,2.0,USD,IDEALPRO,49.0,,,1.0,15.46,100.0,-100.0,-2.0,SLD,5m_,USD,20170210 22:40:00 EST,,0.0,99952.0,1998308.0,99952.0,15.46,100050.0,100050.0,-2.0
50,Paper,Paper,2.0,USD,IDEALPRO,50.0,,,1.0,15.45,100.0,0.0,-1.0,BOT,5m_,USD,20170210 22:45:00 EST,,1.0,99951.0,1999853.0,99951.0,15.46,100051.0,100051.0,-1.0
51,Paper,Paper,2.0,USD,IDEALPRO,51.0,,,1.0,15.44,100.0,-100.0,-2.0,SLD,5m_,USD,20170210 22:50:00 EST,,0.0,99949.0,1998309.0,99949.0,15.44,100051.0,100051.0,-2.0
